% A meresi adatok [t, u, y] formátumban, 
% ahol t=idö [sec], u=bemenöjel [V], y=kimenöjel [C fok] 

adat=[
         0    2.0000   19.9555
    0.4000    2.0000   20.0109
    0.8000    2.0000   20.0478
    1.2000    2.0000   20.0113
    1.6000    2.0000   19.9762
    2.0000    2.0000   20.0053
    2.4000    2.0000   19.9683
    2.8000    2.0000   19.9593
    3.2000    2.0000   19.9944
    3.6000    2.0000   20.0290
    4.0000    2.0000   20.0121
    4.4000    2.0000   20.0101
    4.8000    2.0000   19.9725
    5.2000    2.0000   19.9466
    5.6000    2.0000   20.0211
    6.0000    2.0000   19.9770
    6.4000    2.0000   19.9629
    6.8000    2.0000   20.0319
    7.2000    2.0000   19.9969
    7.6000    2.0000   19.9709
    8.0000    2.4000   19.9790
    8.4000    2.4000   20.2093
    8.8000    2.4000   20.5098
    9.2000    2.4000   20.6986
    9.6000    2.4000   20.8461
   10.0000    2.4000   21.0429
   10.4000    2.4000   21.1804
   10.8000    2.4000   21.2867
   11.2000    2.4000   21.4075
   11.6000    2.4000   21.4867
   12.0000    2.4000   21.6809
   12.4000    2.4000   21.6615
   12.8000    2.4000   21.8057
   13.2000    2.4000   21.8577
   13.6000    2.4000   21.8905
   14.0000    2.4000   21.9298
   14.4000    2.4000   22.0086
   14.8000    2.4000   22.0653
   15.2000    2.4000   22.0763
   15.6000    2.4000   22.1550
   16.0000    2.4000   22.1062
   16.4000    2.4000   22.1759
   16.8000    2.4000   22.1731
   17.2000    2.4000   22.2459
   17.6000    2.4000   22.2963
   18.0000    2.4000   22.2650
   18.4000    2.4000   22.3197
   18.8000    2.4000   22.3117
   19.2000    2.4000   22.2577
   19.6000    2.4000   22.2638
   20.0000    2.4000   22.3416
   20.4000    2.4000   22.3559
   20.8000    2.4000   22.3775
   21.2000    2.4000   22.3010
   21.6000    2.4000   22.2941
   22.0000    2.4000   22.4027
   22.4000    2.4000   22.3669
   22.8000    2.4000   22.3852
   23.2000    2.4000   22.4242
   23.6000    2.4000   22.4058
   24.0000    2.4000   22.3492
   24.4000    2.4000   22.4105
   24.8000    2.4000   22.3712
   25.2000    2.4000   22.3404
   25.6000    2.4000   22.3367
   26.0000    2.4000   22.4093
   26.4000    2.4000   22.3738
   26.8000    2.4000   22.4484
   27.2000    2.4000   22.3650
   27.6000    2.4000   22.4370
   28.0000    2.4000   22.3369
   28.4000    2.4000   22.3394
   28.8000    2.4000   22.4108
   29.2000    2.4000   22.4238
   29.6000    2.4000   22.4265
   30.0000    2.4000   22.4295
   30.4000    2.4000   22.4417
   30.8000    2.4000   22.3611
   31.2000    2.4000   22.4296
   31.6000    2.4000   22.4477
   32.0000    2.4000   22.3938
   32.4000    2.4000   22.3986
   32.8000    2.4000   22.3968
   33.2000    2.4000   22.3568
   33.6000    2.4000   22.4128
   34.0000    2.0000   22.4296
   34.4000    2.0000   22.1408
   34.8000    2.0000   21.9611
   35.2000    2.0000   21.6909
   35.6000    2.0000   21.5782
   36.0000    2.0000   21.3397
   36.4000    2.0000   21.2208
   36.8000    2.0000   21.0891
   37.2000    2.0000   20.9468
   37.6000    2.0000   20.8993
   38.0000    2.0000   20.8155
   38.4000    2.0000   20.6642
   38.8000    2.0000   20.6645
   39.2000    2.0000   20.5670
   39.6000    2.0000   20.4987
   40.0000    2.0000   20.4839
   40.4000    2.0000   20.3426
   40.8000    2.0000   20.3667
   41.2000    2.0000   20.3499
   41.6000    2.0000   20.2618
   42.0000    2.0000   20.2741
  ];
 

    